0.2518	0.5863	0.2358	0.5412	1
0.6024	0.6855	0.3265	0.8070	0
0.2181	0.2043	0.7642	0.6412	1
0.1387	0.7642	0.2256	0.1347	1
0.7695	0.5458	0.2978	0.8619	0
0.5816	0.7736	0.1413	0.5142	0
0.8429	0.9095	0.0302	0.3653	0
0.7804	0.6118	0.2841	0.8408	0
0.8291	0.6088	0.2721	0.8811	0
0.8240	0.3328	0.3727	0.7816	0
0.4227	0.9460	0.2344	0.1049	0
0.1154	0.7861	0.2324	0.0307	1
0.6293	0.8427	0.1733	0.6464	0
0.3810	0.2736	0.5929	0.8164	1
0.3430	0.3115	0.4777	0.8724	1
0.7100	0.8554	0.0827	0.6826	0
0.9222	0.8963	0.0216	0.3523	0
0.5599	0.5134	0.4720	0.6499	0
0.8066	0.3777	0.3926	0.9469	0
0.4121	0.8708	0.3329	0.2594	0
0.4580	0.4966	0.2125	0.8318	1
0.7318	0.8724	0.0445	0.3856	0
0.7898	0.7423	0.1220	0.7165	0
0.4784	0.6313	0.1002	0.5165	1
0.6218	0.5479	0.1280	0.8666	1
0.2657	0.2444	0.7206	0.7276	1
0.7938	0.6621	0.2581	0.8180	0
0.7428	0.3484	0.3915	0.7695	0
0.3752	0.2796	0.4711	0.8040	1
0.7571	0.8717	0.0549	0.4263	0
0.3981	0.9210	0.3476	0.3762	0
0.8859	0.9280	0.0402	0.3758	0
0.1922	0.3089	0.6990	0.7438	1
0.2356	0.6095	0.2636	0.7536	1
0.7266	0.6012	0.3188	0.8195	0
0.3775	0.1856	0.6029	0.7629	1
0.1438	0.2983	0.7121	0.7456	1
0.5551	0.7093	0.2737	0.7425	0
0.4863	0.6081	0.1006	0.7186	1
0.8008	0.6495	0.2590	0.8238	0
0.5542	0.7811	0.2428	0.7433	0
0.4993	0.4563	0.5736	0.7817	0
0.7978	0.4143	0.3352	0.8210	0
0.8142	0.8033	0.1084	0.6772	0
0.6124	0.6503	0.0530	0.6254	1
0.4377	0.2753	0.4691	0.8874	1
0.7161	0.5321	0.4255	0.7602	0
0.6961	0.8150	0.2176	0.6090	0
0.6997	0.6339	0.3122	0.8031	0
0.2550	0.0451	0.8808	0.7095	1
0.5352	0.5419	0.2603	0.7402	0
0.5665	0.8580	0.1351	0.3678	0
0.3174	0.3501	0.4855	0.7706	1
0.6847	0.6263	0.2363	0.7789	0
0.4387	0.5188	0.4957	0.6367	0
0.2374	0.0118	0.9856	0.5077	1
0.3129	0.5765	0.2637	0.7754	1
0.5091	0.8406	0.2880	0.3892	0
0.5503	0.9185	0.1679	0.3532	0
0.1706	0.3034	0.7002	0.7512	1
0.2988	0.4928	0.3399	0.9218	1
0.3229	0.2987	0.4867	0.7892	1
0.1778	0.6445	0.2565	0.6901	1
0.5240	0.4959	0.2103	0.9042	1
0.1119	0.8561	0.2110	0.1889	1
0.4574	0.3890	0.4052	0.9344	1
0.5762	0.4940	0.5375	0.7171	0
0.4679	0.2189	0.5170	0.8586	1
0.2816	0.5312	0.3407	0.7781	1
0.7827	0.8950	0.0534	0.3298	0
0.6932	0.3504	0.4856	0.7923	0
0.2999	0.5816	0.2574	0.7383	1
0.4182	0.4511	0.2051	0.7635	1
0.6479	0.7547	0.2317	0.8424	0
0.3183	0.5221	0.3051	0.8814	1
0.8705	0.3294	0.3786	0.7608	0
0.6195	0.8589	0.1574	0.6113	0
0.5308	0.4782	0.2749	0.8728	1
0.5452	0.5250	0.1915	0.8803	1
0.7222	0.7712	0.2161	0.8555	0
0.4802	0.4762	0.5746	0.8339	0
0.7513	0.3621	0.4158	0.8911	0
0.2541	0.6230	0.2344	0.6640	1
0.3752	0.1753	0.6258	0.7741	1
0.7500	0.9029	0.0670	0.4158	0
0.8367	0.4248	0.3415	0.9456	0
0.5320	0.7712	0.2578	0.7290	0
0.5100	0.4760	0.2881	0.8616	1
0.5230	0.4981	0.5606	0.8751	0
0.8049	0.4108	0.3169	0.8517	0
0.5758	0.7345	0.3085	0.7521	0
0.5628	0.7332	0.2792	0.7201	0
0.3040	0.1771	0.6184	0.6866	1
0.6803	0.6859	0.0128	0.4956	1
0.4467	0.6326	0.0980	0.4916	1
0.2018	0.0266	0.9649	0.5053	1
0.3280	0.6480	0.1686	0.5006	1
0.4769	0.5099	0.2296	0.7689	1
0.7657	0.8811	0.0563	0.4393	0
0.2323	0.0269	0.9583	0.5548	1
0.4386	0.6163	0.0932	0.6537	1
0.4827	0.5009	0.2071	0.8469	1
0.8633	0.5257	0.2367	0.8180	0
0.4012	0.5207	0.1777	0.7361	1
0.5749	0.3733	0.4277	0.7550	0
0.6508	0.8619	0.0760	0.5979	0
0.7601	0.6338	0.2375	0.7680	0
0.6057	0.6739	0.3197	0.8165	0
0.7000	0.9178	0.0813	0.3691	0
0.7965	0.3809	0.3810	0.8112	0
0.6908	0.6126	0.3179	0.8045	0
0.5667	0.6965	0.0011	0.1783	1
0.0000	0.8596	0.2389	0.3178	1
0.6490	0.3240	0.5987	0.6420	0
0.2388	0.0300	0.7869	0.5170	1
0.6173	0.7285	0.2318	0.7818	0
0.5453	0.3933	0.3608	0.6863	0
0.5397	0.6257	0.4139	0.8558	0
0.4077	0.9832	0.2575	0.0322	0
0.7548	0.5099	0.2623	0.8135	0
0.6153	0.6437	0.0541	0.6424	1
0.7716	0.7281	0.1538	0.7608	0
0.4349	0.5082	0.1887	0.7848	1
0.5068	0.4770	0.1872	0.8492	1
0.8809	0.6636	0.1423	0.8251	0
0.0209	0.8453	0.2250	0.4133	1
0.1904	0.0313	0.9021	0.6170	1
0.2487	0.5240	0.2584	0.7513	1
0.3249	0.2550	0.6070	0.9369	1
0.3952	0.4326	0.4112	0.8124	1
0.2715	0.5828	0.2355	0.5460	1
0.6790	0.9072	0.0981	0.4655	0
0.7578	0.3630	0.4124	0.9381	0
0.2896	0.5130	0.2573	0.7790	1
0.8225	0.5327	0.2892	0.9858	0
0.7680	0.7720	0.1777	0.8126	0
0.6905	0.6244	0.1923	0.7723	0
0.4403	0.3245	0.4232	0.9227	1
0.7304	0.4187	0.3238	0.8153	0
0.5843	0.6072	0.3362	0.7675	0
0.3802	0.6438	0.1754	0.5474	1
0.6742	0.6477	0.2525	0.8263	0
0.7912	0.4063	0.3230	0.8152	0
0.5490	0.5144	0.2812	0.7285	0
0.3169	0.8947	0.1704	0.2393	0
0.4257	0.5832	0.5256	0.8544	0
0.4317	0.5451	0.1546	0.7379	1
0.7725	0.6274	0.2644	0.8151	0
0.7113	0.7889	0.1925	0.5973	0
0.2042	0.0486	0.8726	0.6461	1
0.6125	0.8443	0.1315	0.7195	0
0.3390	0.9786	0.2580	0.0287	0
0.6070	0.8476	0.1453	0.7309	0
0.3540	0.5741	0.2241	0.6106	1
0.5700	0.6163	0.4126	0.8390	0
0.7665	0.3995	0.3487	0.8089	0
0.4069	0.4437	0.3361	0.8442	1
0.3876	0.2477	0.5677	0.8809	1
0.2812	0.0276	0.9031	0.7186	1
0.7577	0.9153	0.0809	0.3750	0
0.7116	0.8671	0.0854	0.6798	0
0.1299	0.7633	0.2191	0.1008	1
0.8873	0.6644	0.1606	0.8852	0
0.5163	0.7502	0.1610	0.5379	0
0.6987	0.3352	0.5015	0.7848	0
0.2999	0.6612	0.2196	0.6682	1
0.4871	0.6343	0.0736	0.4666	1
0.5391	0.7226	0.3153	0.7442	0
0.5903	0.5466	0.4627	0.7277	0
0.3879	0.6384	0.1299	0.5630	1
0.8301	0.6011	0.2690	0.8673	0
0.2659	0.5287	0.3418	0.7468	1
0.7924	0.7717	0.1612	0.7289	0
0.8088	0.6401	0.1664	0.8447	0
0.7978	0.4334	0.3339	0.8982	0
0.7995	0.9335	0.0400	0.3121	0
0.3700	0.2849	0.4692	0.8329	1
0.6927	0.7690	0.2010	0.8229	0
0.3394	0.9629	0.3605	0.2420	0
0.8083	0.4987	0.2378	0.8122	0
0.5787	0.6434	0.0567	0.6139	1
0.7910	0.7410	0.1409	0.7780	0
0.5749	0.3733	0.4277	0.7550	0
0.6166	0.5887	0.0960	0.7723	1
0.7849	0.8904	0.0438	0.2946	0
0.3738	0.8105	0.1560	0.6013	0
0.7041	0.7792	0.2024	0.8262	0
0.2990	0.0656	0.7410	0.5099	1
0.5196	0.3897	0.2869	0.9197	1
0.5456	0.6517	0.0522	0.5861	1
0.5352	0.5419	0.2603	0.7402	0
0.5275	0.6979	0.0158	0.2045	1
0.4449	0.5772	0.1331	0.7067	1
0.6448	0.8021	0.2343	0.4745	0
0.2636	0.0293	0.7901	0.5134	1
0.1555	0.7793	0.2203	0.0910	1
0.4900	0.5878	0.1213	0.7042	1
0.8082	0.3863	0.3847	0.8929	0
0.3695	0.9528	0.3374	0.4580	0
0.4778	0.5275	0.2132	0.7486	1
0.5679	0.7975	0.2557	0.6923	0
0.3604	0.5613	0.2357	0.6758	1
0.6257	0.6383	0.3516	0.7932	0
0.7903	0.8989	0.0514	0.3394	0
0.3651	0.6362	0.1692	0.5272	1
0.5845	0.6537	0.0485	0.5914	1
0.5710	0.7703	0.2640	0.7674	0
0.4517	0.6427	0.0775	0.4300	1
0.4602	0.3947	0.3917	0.9024	1
0.6810	0.8656	0.0831	0.4504	0
0.4511	0.8733	0.0646	0.0367	0
0.7833	0.9243	0.0549	0.2834	0
0.8673	0.8279	0.1182	0.6567	0
0.7778	0.5451	0.2690	0.8849	0
0.1385	0.3166	0.6751	0.6787	1
0.4987	0.9016	0.0678	0.1747	0
0.8060	0.7443	0.1231	0.7649	0
0.5557	0.5137	0.2196	0.8079	1
0.4876	0.6304	0.0819	0.4939	1
0.1908	0.7010	0.1998	0.2392	1
0.2053	0.2092	0.7502	0.6249	1
0.8778	0.8398	0.1032	0.6341	0
0.5126	0.6086	0.1011	0.7225	1
0.4185	0.2706	0.4351	0.7812	1
0.4111	0.4376	0.3487	0.8450	1
0.2178	0.0364	0.9006	0.6892	1
0.6483	0.3367	0.5950	0.5985	0
0.9471	0.6264	0.1706	0.9295	0
0.8079	0.9352	0.0720	0.3777	0
0.7379	0.7306	0.2197	0.7545	0
0.5730	0.6415	0.0339	0.4161	1
0.4622	0.3235	0.4243	0.9320	1
0.7290	0.3503	0.3924	0.7031	0
0.9123	0.9008	0.0209	0.3506	0
0.7073	0.5401	0.4065	0.7562	0
0.7589	0.3596	0.3785	0.7767	0
0.1982	0.6404	0.2610	0.6850	1
0.4682	0.6226	0.1567	0.5421	1
0.3832	0.2594	0.6132	0.8523	1
0.3515	0.5200	0.1826	0.6986	1
0.5311	0.4818	0.5761	0.8535	0
0.3738	0.8105	0.1560	0.6013	0
0.8812	0.8234	0.0877	0.6281	0
0.5364	0.7731	0.2733	0.7171	0
0.7438	0.5821	0.3189	0.8456	0
0.3421	0.3198	0.4702	0.8759	1
0.4886	0.4912	0.2096	0.8733	1
0.5610	0.6969	0.0210	0.2198	1
0.7946	0.9326	0.0585	0.3515	0
0.8432	0.8010	0.1440	0.7472	0
0.3877	0.5041	0.2891	0.7870	1
0.3349	0.9871	0.3546	0.2076	0
0.7772	0.8743	0.0596	0.4508	0
0.3405	0.6338	0.1846	0.5139	1
0.4711	0.5065	0.2286	0.8606	1
0.3287	0.2366	0.5248	0.7202	1
0.8014	0.8012	0.1380	0.6679	0
0.7341	0.3616	0.4246	0.8831	0
0.7854	0.8818	0.0489	0.3402	0
0.8074	0.7876	0.1210	0.6639	0
0.6806	0.8712	0.0908	0.4847	0
0.2199	0.7336	0.2513	0.2924	1
0.7146	0.8896	0.0897	0.4746	0
0.4803	0.8293	0.3209	0.4117	0
0.7104	0.9384	0.0839	0.3441	0
0.3389	1.0000	0.3711	0.1923	0
0.5749	0.3733	0.4277	0.7550	0
0.3409	0.5933	0.2076	0.6174	1
0.8772	0.8355	0.0816	0.6303	0
0.8124	0.5577	0.2588	0.8803	0
0.7612	0.6242	0.2733	0.8251	0
0.6115	0.5404	0.1404	0.8868	1
0.6146	0.8012	0.1076	0.6814	0
0.5958	0.5939	0.0901	0.7973	1
0.6385	0.8000	0.1856	0.5387	0
0.2145	0.6087	0.2620	0.6745	1
0.3157	0.0359	0.7735	0.5943	1
0.7694	0.5521	0.2574	0.8477	0
0.3582	0.5631	0.2001	0.6585	1
0.3796	0.5473	0.5349	0.7872	0
0.5257	0.8014	0.2703	0.6974	0
0.7788	0.3124	0.3925	0.6597	0
0.5190	0.5198	0.1552	0.8438	1
0.6837	0.7564	0.1929	0.7156	0
0.2721	0.0386	0.8979	0.7704	1
0.4921	0.4329	0.2236	0.8407	1
0.6209	0.8120	0.2253	0.5683	0
0.7668	0.6281	0.2591	0.8407	0
0.6290	0.6728	0.0321	0.5460	1
0.7804	0.3915	0.3418	0.7911	0
0.1986	0.2211	0.7377	0.5954	1
0.3228	0.2578	0.5526	0.8550	1
0.3656	0.6232	0.1283	0.5481	1
0.6033	0.6387	0.2379	0.7725	0
0.2303	0.0362	0.9033	0.6568	1
0.2844	0.1240	0.6142	0.5510	1
0.4992	0.7726	0.2673	0.7178	0
0.4511	0.8733	0.0646	0.0367	0
0.0843	0.8587	0.2159	0.1823	1
0.5625	0.6287	0.3534	0.7777	0
0.4037	0.5956	0.2074	0.6183	1
0.2216	0.6531	0.2019	0.3845	1
0.7388	0.7309	0.1953	0.7235	0
0.4074	0.5740	0.5525	0.8626	0
0.1843	0.0181	0.9733	0.4637	1
0.7688	0.3752	0.3495	0.7135	0
0.5988	0.6811	0.1703	0.6099	0
0.2298	0.6472	0.2112	0.3997	1
0.4866	0.8540	0.2050	0.5773	0
0.8566	0.8900	0.0415	0.3532	0
0.3434	0.5039	0.2852	0.9216	1
0.3645	0.5528	0.2154	0.7147	1
0.3279	0.9325	0.3111	0.4393	0
0.2253	0.6151	0.2617	0.7066	1
0.3755	0.2626	0.4456	0.7296	1
0.3782	0.2621	0.5153	0.8741	1
0.4817	0.8256	0.1450	0.4523	0
0.8149	0.9381	0.0513	0.3514	0
0.8943	0.6559	0.1530	0.8920	0
0.5316	0.3487	0.4247	0.6860	0
0.3212	0.6600	0.2133	0.6570	1
0.2343	0.0398	0.7789	0.5030	1
0.8030	0.7179	0.1492	0.8080	0
0.6358	0.4866	0.4683	0.9144	0
0.4175	0.8972	0.3216	0.2260	0
0.2092	0.6449	0.2071	0.3970	1
0.6888	0.7714	0.2264	0.8292	0
0.6474	0.8209	0.2267	0.5594	0
0.7623	0.5422	0.3117	0.9776	0
0.8162	0.4161	0.3198	0.8786	0
0.8225	0.3992	0.3301	0.8628	0
0.8370	0.3796	0.3513	0.8121	0
0.7052	0.3271	0.5147	0.7268	0
0.5270	0.5428	0.1985	0.7880	1
0.2823	0.2492	0.7184	0.7762	1
0.5123	0.6250	0.0749	0.5180	1
0.5639	0.7639	0.1785	0.6791	0
0.3269	0.5069	0.2918	0.9048	1
0.1737	0.0382	0.9478	0.4639	1
0.4930	0.8604	0.0681	0.1058	0
0.3810	0.6179	0.1186	0.5619	1
0.3101	0.9421	0.3371	0.2285	0
0.3897	0.6410	0.1532	0.4293	1
0.2334	0.6062	0.2570	0.6762	1
0.0821	0.7611	0.2569	0.1188	1
0.6661	0.6856	0.0134	0.5129	1
0.4520	0.4451	0.3312	0.8973	1
0.6597	0.7999	0.2071	0.6005	0
0.6424	0.8063	0.2174	0.4892	0
0.6807	0.5242	0.4365	0.9277	0
0.8373	0.3487	0.3646	0.7849	0
0.7814	0.8142	0.1180	0.5979	0
0.7330	0.3980	0.3107	0.7472	0
0.4835	0.4911	0.5580	0.8566	0
0.7500	0.3542	0.4872	0.8027	0
0.4152	0.6378	0.1516	0.4595	1
0.7501	0.8822	0.0631	0.4144	0
0.4156	0.4252	0.4247	0.8320	1
0.4644	0.5799	0.1351	0.7077	1
0.2583	0.6160	0.2347	0.6826	1
0.4370	0.6200	0.1746	0.6283	1
0.4987	0.4723	0.1867	0.8421	1
0.2413	0.0036	0.9850	0.5236	1
0.5441	0.5398	0.1769	0.8244	1
0.3616	0.6593	0.2004	0.6674	1
0.8032	0.8966	0.0583	0.3677	0
0.3015	0.6845	0.2027	0.3597	1
0.7880	0.4019	0.3369	0.8046	0
0.8560	0.8057	0.1222	0.6628	0
0.3980	0.2729	0.4757	0.8715	1
0.3591	0.4587	0.2802	0.8289	1
0.3571	0.9205	0.3294	0.4437	0
0.1988	0.8343	0.3629	0.6932	0
0.5813	0.8562	0.2010	0.6138	0
0.3339	0.1735	0.6303	0.7195	1
0.3307	0.3449	0.5057	0.7789	1
0.3404	0.1662	0.6255	0.7049	1
0.7723	0.6763	0.2518	0.8182	0
0.2423	0.6360	0.1978	0.4456	1
0.3443	0.6387	0.1305	0.5389	1
0.5002	0.4866	0.5619	0.8485	0
0.8715	0.4955	0.2494	0.8947	0
0.3789	0.2778	0.4696	0.8269	1
0.4922	0.8159	0.3089	0.3973	0
0.9218	0.4988	0.2441	0.9216	0
0.3660	0.9571	0.2103	0.0000	0
0.1834	0.6437	0.2520	0.6682	1
0.7614	0.8966	0.0435	0.2884	0
0.4487	0.5398	0.2067	0.7320	1
0.6830	0.8664	0.0878	0.6396	0
0.2192	0.0103	0.9892	0.4536	1
0.8883	0.5206	0.2329	0.8984	0
0.8545	0.5989	0.2164	0.9393	0
0.7577	0.3688	0.3989	0.8205	0
0.6046	0.3499	0.5762	0.6116	0
0.4723	0.5488	0.1576	0.7278	1
0.4567	0.3073	0.4021	0.8745	1
0.3473	0.9846	0.3545	0.4331	0
0.6674	0.2969	0.5624	0.6995	0
0.3913	0.5456	0.5794	0.8451	0
0.7984	0.6155	0.2625	0.8559	0
0.7047	0.6228	0.2497	0.8353	0
0.6825	0.3442	0.4839	0.8059	0
0.6551	0.5619	0.4094	0.8746	0
0.4570	0.8418	0.3234	0.3264	0
0.5914	0.8496	0.1381	0.6722	0
0.7742	0.3676	0.4113	0.8999	0
0.6533	0.5059	0.4505	0.8918	0
0.6019	0.5096	0.5073	0.7094	0
0.8488	0.5942	0.2155	0.9402	0
1.0000	0.7106	0.1182	0.8389	0
0.7620	0.5423	0.3006	0.8487	0
0.5612	0.5291	0.3225	0.8327	0
0.3382	0.3344	0.5141	0.7785	1
0.4518	0.5202	0.2264	0.7492	1
0.3589	0.5547	0.2078	0.6751	1
0.3307	0.5062	0.2882	0.7388	1
0.0374	0.8746	0.2168	0.0905	1
0.4958	0.7360	0.2492	0.7147	0
0.7801	0.7840	0.1623	0.8245	0
0.6869	0.7629	0.1936	0.6939	0
0.7692	0.5700	0.2859	0.9767	0
0.8630	0.5412	0.2610	0.9050	0
0.7807	0.8915	0.0603	0.4121	0
0.5954	0.8446	0.1344	0.7106	0
0.4910	0.6366	0.0956	0.5076	1
0.6917	0.7455	0.1777	0.6612	0
0.2104	0.6572	0.1996	0.3679	1
0.7480	0.5495	0.2958	0.8237	0
0.4883	0.6376	0.0745	0.4767	1
0.6303	0.6242	0.3528	0.7955	0
0.4156	0.5954	0.2072	0.6452	1
0.4420	0.4401	0.2193	0.7911	1
0.7879	0.8906	0.0584	0.3777	0
0.5182	0.4746	0.2710	0.8331	1
0.4328	0.8671	0.2648	0.2530	0
0.7770	0.3700	0.3724	0.7839	0
0.4690	0.3220	0.3759	0.7897	1
0.6905	0.7971	0.2097	0.5206	0
0.7101	0.5370	0.2855	0.9054	0
0.5962	0.8438	0.1324	0.7041	0
0.0282	0.7696	0.2573	0.0282	1
0.1849	0.7912	0.2143	0.1093	1
0.1830	0.2979	0.6967	0.7318	1
0.5635	0.8554	0.1748	0.6350	0
0.5930	0.8291	0.1391	0.6945	0
0.4285	0.2441	0.4868	0.8213	1
0.8206	0.3813	0.3866	0.8591	0
0.5839	0.5597	0.1139	0.7955	1
0.6108	0.8291	0.1373	0.5884	0
0.6472	0.7415	0.2389	0.5799	0
0.5753	0.8387	0.1573	0.6545	0
0.6702	0.3230	0.4126	0.6600	0
0.8109	0.5239	0.2691	0.8814	0
0.5775	0.8294	0.1691	0.6384	0
0.6703	0.8882	0.0909	0.4861	0
0.9110	0.9069	0.0389	0.3522	0
0.7586	0.8451	0.0904	0.6925	0
0.8031	0.4043	0.3298	0.8597	0
0.7237	0.7848	0.1754	0.8165	0
0.4297	0.5037	0.2829	0.8256	1
0.5034	0.7473	0.2751	0.6718	0
0.3125	0.2599	0.5523	0.8433	1
0.7085	0.9262	0.0745	0.3456	0
0.8499	0.5943	0.2336	0.9494	0
0.6631	0.2846	0.5759	0.7503	0
0.4445	0.4326	0.2255	0.7945	1
0.7888	0.3361	0.3740	0.7309	0
0.2921	0.2674	0.6004	0.9658	1
0.4930	0.8604	0.0681	0.1058	0
0.6732	0.8536	0.0881	0.6550	0
0.2923	0.5271	0.2471	0.7914	1
0.3506	0.6418	0.1749	0.5192	1
0.8102	0.3931	0.3390	0.8062	0
0.4742	0.6029	0.0993	0.6805	1
0.6656	0.6177	0.2849	0.7662	0
0.5490	0.5144	0.2812	0.7285	0
0.4171	0.5748	0.5296	0.8268	0
0.4011	0.1216	0.6550	0.7344	1
0.6263	0.6282	0.2376	0.7698	0
0.7939	0.8959	0.0505	0.3255	0
0.7320	0.6318	0.2625	0.8277	0
0.5276	0.8603	0.0861	0.3017	0
0.5108	0.8343	0.2900	0.3928	0
0.4859	0.6146	0.1081	0.7191	1
0.3878	0.4642	0.3137	0.8366	1
0.5083	0.8284	0.2496	0.4042	0
0.6048	0.5242	0.1468	0.9166	1
0.5230	0.8684	0.2236	0.5992	0
0.5614	0.9333	0.1682	0.3786	0
0.3829	0.1680	0.5602	0.6134	1
0.3225	0.2592	0.6154	0.9973	1
0.5265	0.7028	0.0106	0.1481	1
0.3631	0.2640	0.6161	0.7945	1
0.5453	0.3933	0.3608	0.6863	0
0.5626	0.5263	0.1566	0.8680	1
0.4548	0.5803	0.1634	0.6691	1
0.6261	0.6482	0.2879	0.7482	0
0.5658	0.6219	0.4148	0.8445	0
0.5998	0.8453	0.1617	0.6055	0
0.6210	0.7528	0.2198	0.5443	0
0.3597	0.1087	0.6366	0.6438	1
0.3242	0.6317	0.1919	0.4820	1
0.4563	0.3491	0.3235	0.8341	1
0.3765	0.6183	0.1966	0.5500	1
0.4604	0.4105	0.3876	0.8839	1
0.6925	0.8622	0.0730	0.6494	0
0.7884	0.4348	0.3410	0.8946	0
0.6053	0.5550	0.1268	0.8244	1
0.3973	0.3247	0.5154	0.8019	1
0.7287	0.3907	0.4487	0.8669	0
0.7553	0.7497	0.1437	0.7485	0
0.6685	0.6686	0.0208	0.5741	1
0.3738	0.8105	0.1560	0.6013	0
0.4023	0.4566	0.3326	0.8341	1
0.6448	0.5518	0.4098	0.8656	0
0.8679	0.8097	0.1264	0.7128	0
0.3206	0.1655	0.6496	0.7566	1
0.5541	0.6324	0.4127	0.8490	0
0.7662	0.3733	0.3759	0.7720	0
0.0465	0.7566	0.2744	0.1250	1
0.5637	0.8542	0.1239	0.6461	0
0.4794	0.5146	0.2249	0.7399	1
0.1589	0.7652	0.2173	0.1290	1
0.3447	0.3379	0.5012	0.7956	1
0.4390	0.5895	0.1279	0.6653	1
0.7575	0.3489	0.3803	0.7999	0
0.2091	0.6192	0.2571	0.7128	1
0.3767	0.1772	0.6161	0.7723	1
0.8208	0.3169	0.3949	0.7143	0
0.3675	0.9353	0.3099	0.4416	0
0.5620	0.5871	0.0938	0.7640	1
0.4962	0.2736	0.5877	0.6329	0
0.3065	0.5817	0.5196	0.7447	0
0.3680	0.5741	0.2297	0.6727	1
0.3735	0.4836	0.3370	0.7942	1
0.0335	0.7699	0.2645	0.0336	1
0.4514	0.9405	0.2115	0.0820	0
0.3941	0.9211	0.3374	0.4919	0
0.4237	0.4621	0.3537	0.8504	1
0.3493	0.4358	0.3016	0.8295	1
0.3833	0.2900	0.4535	0.8139	1
0.3755	0.9282	0.3650	0.2973	0
0.4614	0.6080	0.1008	0.6821	1
0.3229	0.4516	0.2924	0.8171	1
0.3828	0.5909	0.5621	0.8777	0
0.5704	0.8986	0.1635	0.3850	0
0.4905	0.4486	0.3197	0.9082	1
0.4073	0.6019	0.2085	0.6360	1
0.7309	0.4062	0.3235	0.8067	0
0.2178	0.2046	0.7686	0.6340	1
0.3679	0.1904	0.6221	0.8782	1
0.8829	0.5276	0.2355	0.9021	0
0.8481	0.8901	0.0576	0.4000	0
0.6667	0.7397	0.2506	0.8692	0
0.3398	0.1429	0.5928	0.5978	1
0.7866	0.4166	0.3106	0.7951	0
0.2641	0.4889	0.3368	0.8561	1
0.5808	0.5491	0.1265	0.8271	1
0.7135	0.8585	0.0706	0.6644	0
0.7407	0.8050	0.2114	0.5313	0
0.5556	0.8768	0.2153	0.6187	0
0.6590	0.6081	0.3112	0.7804	0
0.3210	0.5114	0.2828	0.8883	1
0.9048	0.9033	0.0376	0.3838	0
0.6599	0.7696	0.2204	0.8334	0
0.6335	0.6532	0.0548	0.6130	1
0.8229	0.8773	0.0571	0.4693	0
0.1255	0.7919	0.2290	0.0472	1
0.2032	0.7500	0.2345	0.2318	1
0.4994	0.5380	0.2111	0.7786	1
0.3851	0.5150	0.1849	0.7316	1
0.2397	0.1970	0.7603	0.6893	1
0.7378	0.3876	0.3472	0.7643	0
0.9000	0.8696	0.0148	0.3938	0
0.7956	0.4141	0.3309	0.8705	0
0.4476	0.5455	0.1570	0.7653	1
0.7645	0.5643	0.2833	0.9495	0
0.8211	0.6400	0.2637	0.8492	0
0.6701	0.6492	0.2429	0.8128	0
0.3507	0.2741	0.4877	0.7638	1
0.3922	0.5008	0.2975	0.9749	1
0.8631	0.7210	0.1210	0.7340	0
0.3355	0.4860	0.3576	0.8604	1
0.5417	0.4917	0.5458	0.8209	0
0.7418	0.7635	0.2004	0.8711	0
0.1013	0.8194	0.2334	0.2848	1
0.8974	0.6315	0.1780	0.9405	0
0.6399	0.7536	0.2262	0.7894	0
0.7564	0.6258	0.2720	0.8389	0
0.3809	0.9614	0.3430	0.4532	0
0.2749	0.2455	0.7293	0.6902	1
0.3076	0.3022	0.4827	0.8220	1
0.3454	0.9469	0.3393	0.4582	0
0.8707	0.8223	0.1146	0.6814	0
0.3856	0.5552	0.6081	0.8791	0
0.9205	0.7336	0.1239	0.7600	0
0.4819	0.3489	0.3185	0.8785	1
0.7003	0.8976	0.0795	0.3852	0
0.5166	0.5237	0.2073	0.8812	1
0.8831	0.6468	0.1737	0.8854	0
0.2901	0.5819	0.2595	0.7393	1
0.3516	0.5750	0.2297	0.6173	1
0.3993	0.5180	0.5236	0.7340	0
0.4811	0.3075	0.4334	0.9387	1
0.8717	0.6612	0.1661	0.8705	0
0.8196	0.3326	0.3757	0.7269	0
0.1586	0.3285	0.6760	0.7316	1
0.2466	0.6649	0.2123	0.3954	1
0.8177	0.8004	0.1249	0.6887	0
0.7962	0.5492	0.2781	0.9528	0
0.3087	0.1221	0.6165	0.5897	1
0.7635	0.8660	0.0539	0.3902	0
0.8601	0.5752	0.2277	0.9479	0
0.7879	0.7549	0.1230	0.6865	0
0.6749	0.4170	0.3635	0.7759	0
0.4038	0.6386	0.1428	0.4418	1
0.5356	0.7623	0.2133	0.7282	0
0.6626	0.7429	0.2028	0.5622	0
0.5516	0.6633	0.0221	0.3375	1
0.6940	0.8804	0.0909	0.4859	0
0.5163	0.5300	0.1854	0.8272	1
0.7846	0.7468	0.1397	0.7812	0
0.6013	0.6757	0.0190	0.4954	1
0.5453	0.3933	0.3608	0.6863	0
0.3321	0.6502	0.1667	0.4960	1
0.2505	0.2081	0.6621	0.8809	1
0.6637	0.2579	0.5789	0.7764	0
0.4677	0.6356	0.0852	0.5058	1
0.5312	0.8921	0.1761	0.3731	0
0.4816	0.6293	0.0777	0.5071	1
0.6328	0.6633	0.0235	0.5352	1
0.7943	0.5542	0.2604	0.8843	0
0.8407	0.8962	0.0460	0.3436	0
0.7784	0.3770	0.3998	0.9146	0
0.2087	0.7819	0.2241	0.1450	1
0.2497	0.0315	0.7954	0.5286	1
0.6686	0.8758	0.0936	0.5138	0
0.8003	0.5304	0.2905	0.8496	0
0.6197	0.6576	0.0160	0.4109	1
0.3476	0.5065	0.2518	0.7901	1
0.4071	0.1535	0.6355	0.7497	1
0.3749	0.1918	0.5585	0.7180	1
0.7266	0.4184	0.3276	0.8147	0
0.8699	0.8176	0.0963	0.6135	0
0.5489	0.8009	0.2956	0.4633	0
0.3751	0.9206	0.3470	0.4765	0
0.6789	0.7957	0.2284	0.6109	0
0.8012	0.4055	0.3225	0.8344	0
0.3612	0.4626	0.2776	0.8209	1
0.5776	0.7844	0.2828	0.5397	0
0.7153	0.3635	0.3839	0.7521	0
0.5469	0.7411	0.3002	0.7385	0
0.8432	0.3346	0.3766	0.7594	0
0.6415	0.7453	0.2716	0.5812	0
0.6810	0.5761	0.3583	0.8559	0
0.5724	0.6940	0.0191	0.2273	1
0.3845	0.1864	0.5712	0.7392	1
0.3857	0.6196	0.1337	0.5924	1
0.3450	0.1664	0.6315	0.6988	1
0.2666	0.4965	0.3411	0.8380	1
0.1325	0.7870	0.2308	0.0570	1
0.2393	0.5866	0.2262	0.5344	1
0.8014	0.9046	0.0480	0.3103	0
0.5615	0.3742	0.2972	0.9415	1
0.3801	0.1125	0.6679	0.6844	1
0.7005	0.6300	0.2437	0.8429	0
0.2632	0.6410	0.1967	0.4334	1
0.6323	0.3481	0.5819	0.6044	0
0.4111	0.4437	0.2210	0.7725	1
0.3479	0.4684	0.3569	0.8207	1
0.5360	0.5100	0.2263	0.8195	1
0.6473	0.5154	0.4352	0.7506	0
0.7993	0.3511	0.4322	0.8978	0
0.5233	0.4894	0.2655	0.8140	1
0.6747	0.9144	0.0757	0.3094	0
0.5753	0.8479	0.1552	0.6191	0
0.5167	0.8516	0.1874	0.5420	0
0.3633	0.4969	0.2851	0.9494	1
0.6335	0.3354	0.5816	0.5786	0
0.0385	0.8435	0.2377	0.3921	1
0.4056	0.4310	0.2931	0.8463	1
0.7487	0.3427	0.3993	0.7608	0
0.6729	0.6551	0.2549	0.7448	0
0.0059	0.8519	0.2371	0.3289	1
0.4186	0.4521	0.3362	0.8360	1
0.2951	0.2058	0.6699	0.9004	1
0.5158	0.5892	0.0827	0.7195	1
0.8256	0.9235	0.0305	0.3433	0
0.8397	0.7259	0.1362	0.8037	0
0.3433	0.4833	0.3448	0.7889	1
0.4958	0.8008	0.2797	0.4233	0
0.5511	0.5528	0.1324	0.7942	1
0.3572	0.4973	0.3011	0.9582	1
0.6228	0.6914	0.2870	0.7927	0
0.3848	0.6200	0.1253	0.5504	1
0.2276	0.0347	0.7789	0.4720	1
0.9136	0.8928	0.0428	0.4044	0
0.7957	0.3482	0.3884	0.7736	0
0.2986	0.2289	0.7374	0.7005	1
0.8086	0.8417	0.0975	0.7250	0
0.4521	0.2367	0.5074	0.8205	1
0.8000	0.5092	0.2473	0.8356	0
0.6391	0.7682	0.2281	0.8238	0
0.3944	0.5552	0.1970	0.7009	1
0.7436	0.6433	0.2366	0.7778	0
0.4174	0.9225	0.3109	0.3536	0
0.3748	0.5623	0.2394	0.6776	1
0.3567	0.2495	0.5128	0.7509	1
0.4289	0.6017	0.1190	0.6405	1
0.5437	0.7222	0.3043	0.7375	0
0.6647	0.4851	0.4475	0.7167	0
0.6994	0.9159	0.0852	0.3782	0
0.3547	0.2573	0.4689	0.7375	1
0.8422	0.4158	0.3499	0.9040	0
0.7806	0.4074	0.3249	0.7688	0
0.3588	0.5217	0.1844	0.7018	1
0.5493	0.8937	0.1548	0.3468	0
0.2501	0.6629	0.2243	0.5732	1
0.3221	0.3037	0.4906	0.8495	1
0.6234	0.3363	0.5947	0.5732	0
0.8559	0.6302	0.2573	0.8649	0
0.5916	0.9005	0.1725	0.3820	0
0.6524	0.2585	0.5780	0.7606	0
0.4382	0.8675	0.3023	0.2999	0
0.3112	0.6621	0.2065	0.4220	1
0.4434	0.6351	0.1492	0.4910	1
0.9266	0.7028	0.1313	0.8282	0
0.2333	0.2124	0.6661	0.8494	1
0.7019	0.9201	0.0856	0.3571	0
0.4511	0.8733	0.0646	0.0367	0
0.6533	0.5827	0.1003	0.8054	1
0.4004	0.4324	0.2969	0.8736	1
0.7628	0.7664	0.1925	0.8322	0
0.5800	0.8067	0.2156	0.5193	0
0.6218	0.3392	0.5688	0.6302	0
0.3481	0.9630	0.2311	0.0086	0
0.6581	0.7633	0.2486	0.5639	0
0.6062	0.3367	0.5904	0.5968	0
0.4042	0.4618	0.3188	0.8264	1
0.5995	0.8160	0.2193	0.5664	0
0.4818	0.6694	0.3619	0.7474	0
0.4635	0.5120	0.2140	0.8345	1
0.3668	0.5231	0.2814	0.7475	1
0.9248	0.7241	0.1239	0.7789	0
0.3066	0.3016	0.4842	0.8303	1
0.7616	0.7523	0.1511	0.7825	0
0.7690	0.8396	0.1068	0.7399	0
0.8399	0.3628	0.3466	0.8164	0
0.6225	0.5981	0.0934	0.7728	1
0.6152	0.6511	0.3702	0.8332	0
0.8476	0.5930	0.2161	0.9079	0
0.2977	0.1610	0.6485	0.7245	1
0.3633	0.1648	0.6298	0.7742	1
0.6886	0.5587	0.3968	0.7970	0
0.2635	0.2080	0.6728	0.8823	1
0.8121	0.7704	0.1726	0.8603	0
0.8117	0.4104	0.3144	0.8517	0
0.7820	0.3706	0.4019	0.8795	0
0.7638	0.8378	0.0864	0.6648	0
0.6858	0.5675	0.3015	0.8258	0
0.7966	0.5326	0.2864	0.9457	0
0.2490	0.2695	0.6811	0.7682	1
0.2641	0.0000	1.0000	0.5820	1
0.2483	0.0043	0.9861	0.5361	1
0.0004	0.8631	0.2349	0.3321	1
0.8357	0.8210	0.1218	0.6388	0
0.6564	0.4782	0.4522	0.7553	0
0.2915	0.1727	0.6403	0.7117	1
0.6403	0.7447	0.2639	0.8396	0
0.1260	0.3228	0.6729	0.6731	1
0.2911	0.0575	0.7427	0.5692	1
0.3517	0.6284	0.1238	0.5429	1
0.8184	0.8225	0.1079	0.6416	0
0.8986	0.8950	0.0518	0.4158	0
0.6363	0.7742	0.1728	0.6274	0
0.5537	0.7100	0.0030	0.1745	1
0.7970	0.9141	0.0494	0.2798	0
0.6917	0.3301	0.5023	0.7430	0
0.4878	0.8218	0.0927	0.5326	0
0.4984	0.4489	0.5866	0.8196	0
0.4042	0.4457	0.4012	0.8394	1
0.7817	0.9054	0.0485	0.2889	0
0.6531	0.7452	0.2441	0.8412	0
0.3865	0.2605	0.5353	0.9173	1
0.3948	0.2443	0.5100	0.7718	1
0.7918	0.5501	0.2616	0.8519	0
0.7416	0.7484	0.2330	0.6403	0
0.6266	0.5334	0.4321	0.9066	0
0.5918	0.6579	0.0149	0.3768	1
0.4815	0.6236	0.0706	0.4795	1
0.7739	0.8853	0.0520	0.3493	0
0.7821	0.5459	0.3184	0.8866	0
0.6130	0.5122	0.4077	0.8434	0
0.4776	0.6242	0.1508	0.5646	1
0.2930	0.6031	0.2504	0.7445	1
0.5352	0.5419	0.2603	0.7402	0
0.4626	0.2796	0.4338	0.8947	1
0.2754	0.6199	0.2416	0.6987	1
0.7211	0.3435	0.4822	0.8415	0
0.2834	0.2594	0.6904	0.6831	1
0.7861	0.5447	0.2752	0.9540	0
0.7167	0.5419	0.3264	0.9705	0
0.3189	0.2588	0.4955	0.7224	1
0.4165	0.6208	0.1232	0.5965	1
0.3141	0.5117	0.2543	0.7906	1
0.5511	0.5877	0.0860	0.7522	1
0.3362	0.4615	0.2763	0.8005	1
0.5270	0.6054	0.1053	0.7247	1
0.5688	0.6457	0.0713	0.6454	1
0.5903	0.3754	0.4680	0.7211	0
0.5294	0.7823	0.2142	0.6666	0
0.7533	0.8419	0.0988	0.7274	0
0.7865	0.6540	0.2580	0.8196	0
0.8697	0.8371	0.1012	0.6568	0
0.5964	0.6662	0.0277	0.3946	1
0.5776	0.6592	0.0153	0.3727	1
0.2481	0.2707	0.6810	0.7357	1
0.5912	0.7549	0.2945	0.8539	0
0.7022	0.7697	0.2104	0.8292	0
0.3581	0.9203	0.3416	0.3024	0
0.5163	0.6551	0.0365	0.3486	1
0.5906	0.6500	0.3112	0.7412	0
0.4354	0.5185	0.2171	0.8300	1
0.3756	0.2688	0.4708	0.8393	1
0.7223	0.8444	0.0711	0.6474	0
0.7900	0.6266	0.2677	0.8448	0
0.8073	0.3681	0.3511	0.7827	0
0.7992	0.5346	0.2720	0.8947	0
0.1126	0.8215	0.2397	0.2830	1
0.8966	0.8894	0.0637	0.4492	0
0.5847	0.8285	0.1674	0.6200	0
0.7921	0.3923	0.3642	0.8928	0
0.1656	0.6321	0.2740	0.6553	1
0.6616	0.4390	0.3379	0.7783	0
0.8104	0.5432	0.2636	0.8595	0
0.7673	0.7822	0.1716	0.8057	0
0.3625	0.6533	0.1442	0.3966	1
0.6340	0.5088	0.4510	0.9133	0
0.2528	0.5268	0.2560	0.7550	1
0.2274	0.2223	0.6508	0.8318	1
0.5618	0.7876	0.2773	0.7308	0
0.7802	0.8813	0.0594	0.4325	0
0.5214	0.5416	0.2057	0.7850	1
0.5251	0.5935	0.0833	0.7182	1
0.5420	0.6411	0.0336	0.3816	1
0.7987	0.5240	0.2661	0.9023	0
0.4223	0.4685	0.3252	0.8615	1
0.4271	0.9168	0.3179	0.2214	0
0.1513	0.6389	0.2735	0.6406	1
0.3642	0.9515	0.3421	0.2652	0
0.3853	0.2491	0.4771	0.8012	1
0.5747	0.8683	0.1992	0.6178	0
0.5820	0.8808	0.1688	0.6066	0
0.4053	0.9515	0.2252	0.0767	0
0.3598	0.6590	0.1935	0.6635	1
0.4712	0.6227	0.1497	0.5591	1
0.6122	0.3328	0.5871	0.5744	0
0.6358	0.2746	0.5788	0.6950	0
0.6823	0.7573	0.1951	0.8072	0
0.3955	0.1456	0.5770	0.6768	1
0.7917	0.8956	0.0630	0.3841	0
0.2928	0.6725	0.2023	0.3894	1
0.7889	0.7929	0.1491	0.7985	0
0.2488	0.2823	0.6688	0.6695	1
0.5185	0.8127	0.2740	0.4515	0
0.7519	0.6376	0.2669	0.8095	0
0.4613	0.3430	0.5873	0.5144	0
0.4783	0.5096	0.2303	0.7756	1
0.7354	0.6235	0.2534	0.8640	0
0.3426	0.2438	0.5706	0.8763	1
0.3874	0.4372	0.2960	0.8554	1
0.5430	0.6489	0.0387	0.4046	1
0.6804	0.8820	0.0969	0.5032	0
0.8765	0.4967	0.2548	0.8960	0
0.5920	0.8580	0.1378	0.7041	0
0.5453	0.3933	0.3608	0.6863	0
0.8049	0.9242	0.0600	0.3679	0
0.3812	0.9624	0.3610	0.2964	0
0.7223	0.8506	0.1027	0.6811	0
0.6167	0.5168	0.4962	0.7542	0
0.7792	0.6194	0.2562	0.8186	0
0.8062	0.5338	0.2748	0.9666	0
0.4449	0.5141	0.2190	0.8401	1
0.3547	0.5596	0.2038	0.7036	1
0.3060	0.5890	0.2095	0.5740	1
0.8033	0.5329	0.2995	0.8758	0
0.4491	0.3007	0.4169	0.8165	1
0.1424	0.3213	0.6769	0.6981	1
0.8605	0.3897	0.3751	0.8932	0
0.4724	0.6218	0.0708	0.4755	1
0.6262	0.6744	0.0165	0.5192	1
0.7588	0.8784	0.0660	0.4419	0
0.7119	0.7529	0.1960	0.7260	0
0.7925	0.3742	0.3519	0.7865	0
0.5828	0.2560	0.5848	0.6550	0
0.7836	0.3991	0.3334	0.8363	0
0.6446	0.4212	0.3487	0.7050	0
0.4299	0.5977	0.1163	0.6573	1
0.4263	0.5844	0.1692	0.6469	1
0.3447	0.9688	0.2401	0.0113	0
0.7346	0.7333	0.2056	0.6356	0
0.3209	0.4759	0.3955	0.8620	1
0.3402	0.9463	0.3063	0.2488	0
0.5387	0.4798	0.1815	0.8165	1
0.6495	0.7750	0.2526	0.8506	0
0.4249	0.5638	0.5595	0.8469	0
0.7917	0.9116	0.0672	0.3546	0
0.5259	0.8643	0.0689	0.1612	0
0.4141	0.8996	0.1005	0.2001	0
0.5768	0.6079	0.4198	0.8061	0
0.3169	0.8947	0.1704	0.2393	0
0.5719	0.7154	0.3158	0.7652	0
0.2862	0.4955	0.3306	0.8619	1
0.4368	0.2661	0.4786	0.8389	1
0.4399	0.5168	0.2173	0.8160	1
0.6186	0.8588	0.1299	0.7112	0
0.3303	0.6188	0.2008	0.4997	1
0.4899	0.5087	0.4391	0.7999	0
0.5272	0.7020	0.0058	0.1476	1
0.5490	0.5144	0.2812	0.7285	0
0.5612	0.5801	0.0900	0.7700	1
0.5012	0.5301	0.2136	0.7707	1
0.7912	0.5682	0.3056	0.8740	0
0.3479	0.5703	0.1964	0.6677	1
0.2476	0.6398	0.2053	0.4283	1
0.8638	0.7999	0.1268	0.6995	0
0.6587	0.2605	0.5923	0.7245	0
0.6349	0.6788	0.3198	0.8597	0
0.6460	0.7429	0.2379	0.5840	0
0.5116	0.7792	0.1392	0.4705	0
0.5704	0.7236	0.2999	0.7678	0
0.4052	0.4784	0.3293	0.8238	1
0.6045	0.6700	0.0252	0.5255	1
0.5291	0.6982	0.0059	0.1634	1
0.4696	0.5117	0.2183	0.8884	1
0.3978	0.2814	0.4583	0.8442	1
0.7658	0.6052	0.3092	0.8575	0
0.4424	0.2197	0.5198	0.8186	1
0.4028	0.8567	0.3028	0.2738	0
0.6969	0.7321	0.2305	0.6274	0
0.7135	0.8525	0.0657	0.4519	0
0.8372	0.6348	0.1370	0.8140	0
0.3678	0.5295	0.1722	0.7023	1
0.3079	0.6380	0.1874	0.4710	1
0.3535	0.5091	0.2846	0.7637	1
0.2503	0.0479	0.8691	0.7376	1
0.4954	0.4712	0.2872	0.8576	1
0.5203	0.8098	0.2393	0.4070	0
0.6826	0.8721	0.0951	0.5080	0
0.4417	0.8891	0.2786	0.2637	0
0.7627	0.8657	0.0713	0.6603	0
0.5316	0.3487	0.4247	0.6860	0
0.5096	0.6426	0.0368	0.3594	1
0.2278	0.6986	0.1880	0.2782	1
0.3817	0.2784	0.4904	0.7987	1
0.5111	0.7673	0.2738	0.6915	0
0.3340	0.6554	0.2104	0.6554	1
0.2767	0.5100	0.2697	0.7890	1
0.5316	0.3487	0.4247	0.6860	0
0.7833	0.8520	0.0389	0.3826	0
0.5061	0.7838	0.2615	0.7090	0
0.5725	0.9100	0.1667	0.3826	0
0.5695	0.5157	0.5122	0.7316	0
0.4141	0.8996	0.1005	0.2001	0
0.4304	0.2792	0.4584	0.8647	1
0.8746	0.6381	0.1730	0.8960	0
0.5224	0.5871	0.0863	0.7229	1
0.3031	0.2673	0.6794	0.7425	1
0.3745	0.5270	0.2610	0.9259	1
0.3486	0.1746	0.6154	0.7562	1
0.6711	0.3475	0.3852	0.7235	0
0.6367	0.6942	0.0065	0.4620	1
0.3790	0.2117	0.5330	0.6638	1
0.3710	0.2613	0.4550	0.7521	1
0.6588	0.8262	0.2287	0.4584	0
0.7040	0.8552	0.0851	0.6880	0
0.7220	0.7257	0.2396	0.6693	0
0.3777	0.2604	0.5164	0.9009	1
0.5510	0.6464	0.0563	0.6067	1
0.5316	0.3487	0.4247	0.6860	0
0.5085	0.6486	0.0379	0.3450	1
0.4445	0.6372	0.0693	0.4562	1
0.3374	0.5114	0.3110	0.8977	1
0.7415	0.3766	0.4552	0.8256	0
0.5354	0.7703	0.3058	0.7235	0
0.4432	0.6277	0.0723	0.4411	1
0.5077	0.5206	0.2193	0.7853	1
0.5044	0.4944	0.5603	0.8296	0
0.3887	0.1974	0.6203	0.9079	1
0.4575	0.4492	0.2129	0.7722	1
0.7799	0.7851	0.1553	0.6901	0
0.3409	0.4897	0.3132	0.7398	1
0.7242	0.7329	0.1316	0.7182	0
0.7573	0.9312	0.0466	0.2769	0
0.7011	0.6327	0.2424	0.8428	0
0.3154	0.1243	0.6203	0.6119	1
0.6016	0.6118	0.3143	0.7656	0
0.1577	0.2945	0.7008	0.7026	1
0.0445	0.8720	0.2287	0.1017	1
0.2977	0.6671	0.2080	0.3826	1
0.4753	0.4642	0.5330	0.7443	0
0.6456	0.8473	0.1270	0.7091	0
0.3724	0.2689	0.4366	0.7823	1
0.8421	0.4028	0.3431	0.9053	0
0.6225	0.6012	0.3673	0.8028	0
0.3467	0.2523	0.5505	0.8456	1
0.2560	0.0599	0.8467	0.7231	1
0.5875	0.7939	0.2454	0.4822	0
0.5073	0.8631	0.2099	0.5888	0
0.4036	0.1996	0.6089	0.8811	1
0.7186	0.7416	0.2229	0.7260	0
0.3238	0.2399	0.5261	0.7179	1
0.4827	0.6348	0.0810	0.4673	1
0.5081	0.3655	0.3051	0.8759	1
0.0219	0.7768	0.2569	0.0282	1
0.9811	0.8828	0.0377	0.4630	0
0.5460	0.5515	0.4011	0.6800	0
0.4718	0.5817	0.1309	0.7166	1
0.4071	0.6396	0.1677	0.5857	1
0.4542	0.5031	0.2093	0.8077	1
0.6586	0.5507	0.4238	0.9075	0
0.3818	0.2975	0.4806	0.9053	1
0.7748	0.7771	0.1480	0.7716	0
0.5319	0.6393	0.0335	0.3847	1
0.5526	0.6530	0.0521	0.5781	1
0.3549	0.5133	0.3117	0.9193	1
0.3778	0.9600	0.3158	0.2590	0
0.7037	0.3582	0.4083	0.8014	0
0.4784	0.5357	0.2050	0.8501	1
0.5162	0.6359	0.0799	0.5009	1
0.8534	0.5792	0.2255	0.9332	0
0.8257	0.5127	0.3157	0.8973	0
0.7578	0.7724	0.1822	0.7116	0
0.4172	0.4602	0.3514	0.8290	1
0.5254	0.5705	0.1666	0.7262	1
0.7095	0.5947	0.3069	0.8227	0
0.4525	0.6448	0.0795	0.4429	1
0.3322	0.1693	0.6151	0.7347	1
0.3848	0.6392	0.1294	0.5655	1
0.0634	0.8413	0.2184	0.4223	1
0.8445	0.5644	0.2301	0.9747	0
0.2852	0.2671	0.6818	0.6956	1
0.4631	0.5363	0.2111	0.7183	1
0.8140	0.5602	0.2564	0.8789	0
0.8163	0.6087	0.2486	0.8205	0
0.8090	0.8993	0.0616	0.3554	0
0.5554	0.9041	0.1673	0.3943	0
0.4433	0.5913	0.1258	0.6575	1
0.3211	0.5007	0.2680	0.8273	1
0.8136	0.4224	0.2970	0.8558	0
0.5894	0.8118	0.2748	0.5010	0
0.5985	0.6977	0.0000	0.1991	1
0.6206	0.5489	0.1428	0.8497	1
0.6708	0.5141	0.4317	0.7568	0
0.3907	0.2780	0.4284	0.8014	1
0.4062	0.4358	0.2232	0.7653	1
0.6532	0.5845	0.3629	0.8272	0
0.2137	0.6248	0.2652	0.7193	1
0.7922	0.6090	0.2933	0.8745	0
0.7411	0.8763	0.0895	0.5259	0
0.3991	0.2415	0.5680	0.9070	1
0.6035	0.5540	0.4714	0.7433	0
0.5716	0.7620	0.2518	0.7405	0
0.3447	0.5117	0.3489	0.8330	1
0.3912	0.5563	0.2124	0.7247	1
0.6056	0.6356	0.4150	0.8629	0
0.1353	0.8163	0.2296	0.3362	1
0.4649	0.6082	0.1042	0.6950	1
0.3371	0.4990	0.3006	0.7416	1
0.4791	0.7391	0.2876	0.6687	0
0.7946	0.5279	0.3249	1.0000	0
0.7613	0.7707	0.1987	0.7378	0
0.5445	0.5333	0.1424	0.8420	1
0.2980	0.1385	0.5902	0.5857	1
0.3639	0.1599	0.6448	0.7716	1
0.6844	0.2790	0.5708	0.8050	0
0.5569	0.6024	0.4392	0.8393	0
0.5326	0.5200	0.2153	0.7991	1
0.5813	0.6026	0.4402	0.8671	0
0.5737	0.6403	0.0530	0.6177	1
0.6963	0.8150	0.0672	0.6542	0
0.6419	0.6354	0.2208	0.7584	0
0.7017	0.7406	0.2076	0.7155	0
0.7634	0.5617	0.3137	0.9992	0
0.6337	0.6951	0.3177	0.8469	0
0.5681	0.5568	0.1213	0.7782	1
0.7972	0.8951	0.0581	0.3786	0
0.7913	0.5847	0.2267	0.9072	0
0.7891	0.5803	0.2967	0.8809	0
0.5253	0.5368	0.1441	0.8283	1
0.2684	0.5144	0.3553	0.7397	1
0.4077	0.3329	0.5068	0.8186	1
0.6211	0.8115	0.2402	0.5657	0
0.5809	0.8317	0.1557	0.5771	0
0.5352	0.5419	0.2603	0.7402	0
0.3765	0.2578	0.4633	0.7902	1
